%YAML:1.0
---
R: !!opencv-matrix
   rows: 3
   cols: 3
   dt: d
   data: [ 9.9998984702564631e-01, -1.7856238477589493e-03,
       -4.1373171378064006e-03, 1.8288333491624654e-03,
       9.9994358150760398e-01, 1.0463707293625698e-02,
       4.1183994713314574e-03, -1.0471167519431583e-02,
       9.9993669471450775e-01 ]
T: !!opencv-matrix
   rows: 3
   cols: 1
   dt: d
   data: [ -1.2341763514879120e-01, 2.0847773363003960e-04,
       -8.0681630931155241e-04 ]
R1: !!opencv-matrix
   rows: 3
   cols: 3
   dt: d
   data: [ 9.9999088661306335e-01, -3.5431061758034311e-03,
       2.3818248143945122e-03, 3.5306029828296695e-03,
       9.9998007358843988e-01, 5.2332846889742591e-03,
       -2.4003194364742332e-03, -5.2248277182316569e-03,
       9.9998346968433327e-01 ]
R2: !!opencv-matrix
   rows: 3
   cols: 3
   dt: d
   data: [ 9.9997720602149653e-01, -1.6891668791172861e-03,
       6.5371364293603119e-03, 1.7233271115957972e-03,
       9.9998487266390945e-01, -5.2234650387775194e-03,
       -6.5282142357627384e-03, 5.2346115996686317e-03,
       9.9996499001729688e-01 ]
P1: !!opencv-matrix
   rows: 3
   cols: 4
   dt: d
   data: [ 4.4853769750257680e+02, 0., 3.7407532501220703e+02, 0., 0.,
       4.4853769750257680e+02, 2.2686116409301758e+02, 0., 0., 0., 1.,
       0. ]
P2: !!opencv-matrix
   rows: 3
   cols: 4
   dt: d
   data: [ 4.4853769750257680e+02, 0., 3.7407532501220703e+02,
       -5.5358723746410966e+01, 0., 4.4853769750257680e+02,
       2.2686116409301758e+02, 0., 0., 0., 1., 0. ]
Q: !!opencv-matrix
   rows: 4
   cols: 4
   dt: d
   data: [ 1., 0., 0., -3.7407532501220703e+02, 0., 1., 0.,
       -2.2686116409301758e+02, 0., 0., 0., 4.4853769750257680e+02, 0.,
       0., 8.1023850831036643e+00, 0. ]
