%YAML:1.0
---
K1: !!opencv-matrix
   rows: 3
   cols: 3
   dt: d
   data: [ 4.4219887552647339e+02, 0., 3.7733467960375054e+02, 0.,
       4.4100971650278882e+02, 2.0380021978607365e+02, 0., 0., 1. ]
K2: !!opencv-matrix
   rows: 3
   cols: 3
   dt: d
   data: [ 4.4477798783749324e+02, 0., 3.7244352347199708e+02, 0.,
       4.4418032355010047e+02, 2.3750574850527221e+02, 0., 0., 1. ]
D1: !!opencv-matrix
   rows: 4
   cols: 1
   dt: d
   data: [ -1.0573191935439577e-02, -7.8867902349395447e-03, 0.,
       2.7282474147803149e-02 ]
D2: !!opencv-matrix
   rows: 4
   cols: 1
   dt: d
   data: [ -1.8477241751768542e-02, 1.8319057055628727e-02, 0.,
       -5.4249831754890024e-02 ]
R: !!opencv-matrix
   rows: 3
   cols: 3
   dt: d
   data: [ 9.9997450675550492e-01, -2.0076428165404425e-04,
       -7.1376139422038602e-03, 2.5795874195229629e-04,
       9.9996786141385741e-01, 8.0130890849903578e-03,
       7.1357758073093492e-03, -8.0147260152642254e-03,
       9.9994242077758067e-01 ]
T: !!opencv-matrix
   rows: 3
   cols: 1
   dt: d
   data: [ -1.2390214015466965e-01, 2.7874757576249994e-04,
       1.0280570833962591e-03 ]
R1: !!opencv-matrix
   rows: 3
   cols: 3
   dt: d
   data: [ 9.9987777020383506e-01, -2.3838428508543004e-03,
       -1.5451923681830817e-02, 2.4456870886117371e-03,
       9.9998907031088480e-01, 3.9847049372098058e-03,
       1.5442255886731412e-02, -4.0220084577804217e-03,
       9.9987267198433538e-01 ]
R2: !!opencv-matrix
   rows: 3
   cols: 3
   dt: d
   data: [ 9.9996304853177687e-01, -2.2496566668047924e-03,
       -8.2970245218881560e-03, 2.2164213672347974e-03,
       9.9998949275801086e-01, -4.0127110410346917e-03,
       8.3059645651891393e-03, 3.9941730630353861e-03,
       9.9995752786515113e-01 ]
P1: !!opencv-matrix
   rows: 3
   cols: 4
   dt: d
   data: [ 4.5748251866297858e+02, 0., 3.7186759039887585e+02, 0., 0.,
       4.5748251866297858e+02, 2.0507306464472549e+02, 0., 0., 0., 1.,
       0. ]
P2: !!opencv-matrix
   rows: 3
   cols: 4
   dt: d
   data: [ 4.5748251866297858e+02, 0., 3.7186759039887585e+02,
       -5.6685157745496802e+01, 0., 4.5748251866297858e+02,
       2.0507306464472549e+02, 0., 0., 0., 1., 0. ]
Q: !!opencv-matrix
   rows: 4
   cols: 4
   dt: d
   data: [ 1., 0., 0., -3.7186759039887585e+02, 0., 1., 0.,
       -2.0507306464472549e+02, 0., 0., 0., 4.5748251866297858e+02, 0.,
       0., 8.0705873787450475e+00, 0. ]
