%YAML:1.0
---
M1: !!opencv-matrix
   rows: 3
   cols: 3
   dt: d
   data: [ 4.3967532878792616e+02, 0., 3.8073538633000584e+02, 0.,
       4.3967532878792616e+02, 2.0812063544538188e+02, 0., 0., 1. ]
D1: !!opencv-matrix
   rows: 1
   cols: 5
   dt: d
   data: [ -3.1694865848113762e-01, 1.0256161210919623e-01,
       -4.3494967494713394e-05, 3.1574806772741881e-04, 0. ]
M2: !!opencv-matrix
   rows: 3
   cols: 3
   dt: d
   data: [ 4.3967532878792616e+02, 0., 3.7268214718563183e+02, 0.,
       4.3967532878792616e+02, 2.4130944304572037e+02, 0., 0., 1. ]
D2: !!opencv-matrix
   rows: 1
   cols: 5
   dt: d
   data: [ -3.1550588674498309e-01, 1.0442399307750855e-01,
       -6.4264968321318190e-04, 2.9674212169457620e-04, 0. ]
